needed 

Reichskommissariat Moskowien Zone
Reichskommissariat Nordafrika Zone (alle states in afrika inklusive Egypten
Reichskommissariat Arabien Zone
Additional Reichskommissariat Arabien (Turkey) Zone
Additional Reichskommissariat Arabien (Iran) Zone

please paste below and upload to git

RK IRE
248
254
253
268
262
276
272
283
297
291
321
304
320
279
288
296
302
317
308
349
333
337
343
360
368
345
361
348
395
371
378
394

RK NOR
2701
4
2712
13
2700
2702
2703
25
53
71
75
78
92
83
111
128
106
123
132
147
131
118
124
129
1822

RK BNT
1513
738
1512
2933
2554

RK ICE
44
51
160
159
56
49
48
40

RK ENG
458
2959
1535
445
468
2958
453
462
446
447
437
410
428
2476
2478
2475
435
2477
408
405
416
413
403
386
356
372
379
369
419
426
409
406
401
396
390
374
380
389
357
375
313
328
344
355
362
354
334
341
342
338
325
324
293
286
290
271
269
256
258
234
237
224
217
221
245
239
233
249
257
230
219
220
222
126
213
210
192
199
2780
214
211
204
194
193
191
180
179
176
182
183
2781
169
161
158
187

RK SWE
212
202
203
184
190
168
2977
167
150
148
163
2885
149
136
226
110
125
141
121
117
88
84
2708
66
54
45
2707
2710
2706
2711
23
2703
2704

RK FRA
515
448
2365
525
2374
2574
538
544
505
2615
570
2367
598
2366
2973
597
2611
638
2613
517
531
442
2575
519
552
543
701
563
385
452
571
58
2610
658
627
734
588
668
2612
626
584
678
802
702
604
653
650
605
37
789
558
548
573
620
551
572
599
645
534
595
587
578
583
615
634
637
684
682
675
2985
741
725
760
803
845

VIC 
666
670
672
740
699
2614
688
2609
691
715
2982
717
540
640
723
731
729
728
747
2544
753
751
766
2983
770
585
783
795
812
852
840
838
819
2553
809
855
828
2984
871
850
814
822
787
786
807
772
824
808
773
749
2853
829
799
780
2854
842
2855
825

FRA Claims in SWI
1452
707
1443
660
1444
2348
724


ITA Claims in FRA
746
719
2851
750
2852
771
810
817
1422
866

ITA Claims in SWI
708
1446
2964
2965

RK ILY
712
1466
1467
1464
1463
1461
2831
1477
1462
1465
2846
2895
1503
1468
2924
754
1478
2832
777
1998
1999
2829
2830
1493
1494
2828
2827
1475
1476
2826
1988
2817
2816
1479
811
721
2881
1471
815
1563
1491
2896
2916
1480
2241
2897
1534
1469
2822
2821
1993
2823
1496
2824
2819
2813
2818
776
1497
1492
2814
792
1500
1498
2811
1499
813
2812
782
1495
835
1501
2815
1502
2820
1481
1990

RK IBE
2966
892
896
875
927
2328
870
854
880
851
860
849
848
974
939
2327
859
883
901
940
864
897
926
857
837
833
830
874
887
903
898
1007
980
951
922
915
911
935
950
943
954
947
962
1056
1037
999
987
990
985
1010
1021
1042
1026
1057
1029
1035
2778
1053
847
1058
1063
1072
1096
1078
1079
1086
1083
1103
1115
882
2779

RK OST
259
1178
274
1104
238
101
2371
1246
242
275
208
205
1339
206
244
207
174
107
1344
67
2773
91
1345
188
196
1280
2775
1346
1352
307
231
1304
241
1135
2317
292
1250
1225
2134
2161
2135
1198
1106
1000
2136
2697
232
1329
225
236
1151
2523
1309
94
1296
2774
87
1348
2541
2170
2720
172
2772
1349
185
170
1350
1351
112
95
1347
2943
2791
165
173
166
155
152
156
146
145
157
133
143
134
137

RK OST Expansion
2435
127
2794
2944
2793
151
2442
138
2443
2441
2440
2436
2445
189
2182
2178
2181
2540
2177
2179
2176
2166
215
2180
2685
2185
2186
2184
2173
2165
2169
2192
2167
2542
2168
2172
2159
266
2163
2164
2175
2189
235
384
2152
2158
2686
2162
218
2187
2188
2193
2191
2376
2160
278
2147
2174
2190
2154
2153
2577
2143
2144
2138
2150
2155
2156
2148
2157
340
2137
2146
2149
2037
2151
2731
2036
2320
2171
298
2321
2375
2444
2183

RK KAS
2759
2545
1006
895
2760
2761
2758
891
2762
761
716
2763
2470
2789
2788
464
2624
2628
561

Hugarian Claims Abroad

Burgenland
1805
621

S Slovakia
610
580
1439
1438
1442

Carpathia
593
2930
1607
1608
2246
564
2247

Murgebiet
695
712
Vojvodina
1472
2856
1515
735
1514
1516

Banat
1513
738
1512
2933

Transilvania

North
622
2675
2672
628
1582
2680
649
665
680
1587
674
1586

South
2678
692
713
727
2024
1583
730
1584
1585
737

Banat ROM
2668
736
2670
1581
756
2677 


Karjala
77
113
2783
100

Salla
2786
33

Petsamo
17
22

Olonets
2437
57
24
74
59

Onega
30
39
52
38
62

Murmansk
2785
19
2709

Reichskommissariat Böhmen-Mähren Zone
528
1429
532
536
535
514
486
1427
1426
539
529
513
489
523
1425

Bessarabia
592
2980
600
1606
1605
1604
1603
2744
1602
2745

Southern Bessarabia
1601
794

RK NAM (Nord Amerika)
64
2920
8
60
6
1
9
7
11
12
10
2
18
55
21
47
43
26
32
28
31

Eastern Slovakia
2661
569
550
2313
562
2929

Western Slovakia
541 
574 
2660 
577 
586 
2662 
2978 
1437 
591 
555 
2663

Croatia for hungary cores
1472 
2881 
1471 
1469 
721 
2832 
2830 
1468 
1567 
712 
1466 
1464 
2831 
1465 
1503 
1463 
1461 
1462 
2911 
1473 
2651 
1477 
2924 
754 
2829 
1478

Dalmatia for hungary cores
2895 
1998 
1475 
2827 
2826 
1998 
2828 
811 
1479 
815 
1563 
2916 
1491 
2896 
1480 
2241 
2897 
1502 
1481 
1990 
884 
2797

Crisana for Hungary cores, please take the required states out of the states for North and south transilvania
2671 
2859 
639 
2860 
2676 
664 
2673 
686 
2674 
705 
2679 
2669 
2261